# unix_time, cycles_done, cur_path, paths_total, pending_total, pending_favs, map_size, unique_crashes, unique_hangs, max_depth, execs_per_sec
1507426143, 0, 0, 8, 8, 3, 0.90%, 0, 0, 1, 167.98
1507426148, 0, 2, 11, 11, 3, 0.91%, 0, 0, 2, 207.55
1507426153, 0, 2, 13, 13, 3, 0.91%, 0, 0, 2, 259.27
1507426276, 0, 2, 15, 15, 3, 0.91%, 0, 0, 2, 416.75
1507426347, 0, 2, 16, 16, 3, 0.91%, 0, 0, 2, 370.35
1507426455, 0, 2, 19, 19, 3, 0.92%, 0, 0, 2, 371.00
1507426762, 0, 2, 20, 20, 3, 0.92%, 0, 0, 2, 232.73
1507432791, 0, 2, 23, 23, 3, 0.92%, 0, 0, 2, 344.27
1507432796, 0, 2, 24, 24, 3, 0.92%, 0, 0, 2, 10.48
1507432827, 0, 2, 79, 78, 2, 0.94%, 0, 0, 2, 258.77
1507432832, 0, 2, 203, 202, 2, 0.96%, 0, 0, 2, 225.69
1507432837, 0, 2, 241, 240, 2, 0.96%, 0, 0, 2, 140.69
1507432843, 0, 8, 241, 240, 9, 0.96%, 0, 0, 2, 1781.65
1507433485, 0, 33, 241, 239, 8, 0.96%, 0, 0, 2, 683.55
1507433852, 0, 44, 241, 238, 7, 0.96%, 0, 0, 2, 2711.76
1507434494, 0, 82, 241, 237, 6, 0.96%, 0, 0, 2, 1679.82
1507434637, 0, 111, 241, 236, 5, 0.96%, 0, 0, 2, 2056.40
1507435019, 0, 120, 243, 237, 4, 0.96%, 0, 0, 2, 1836.04
1507435457, 0, 129, 243, 236, 3, 0.96%, 0, 0, 2, 387.98
1507435462, 0, 184, 243, 235, 2, 0.96%, 0, 0, 2, 2563.96
1507435549, 0, 192, 243, 234, 1, 0.96%, 0, 0, 2, 688.11
1507441036, 0, 229, 243, 233, 1, 0.96%, 0, 0, 2, 103.01
1507462274, 0, 229, 246, 235, 0, 0.96%, 0, 0, 2, 139.83
1507462279, 0, 245, 259, 248, 1, 0.97%, 0, 0, 2, 28.65
